899.626
900.048
901.442
904.844
909.333
913.951
919.009
924.654
930.722
937.075
943.484
949.932
956.344
962.62
968.846
975.092
981.073
984.485
987.579
987.809
990.001
990.386
990.452
990.959
991.832
992.117
992.633
992.365
992.71
992.702
992.482
992.387
992.201
991.819
991.356
990.855
990.216
989.598
988.869
988.183
987.551
986.842
986.099
985.374
984.48
983.949
983.358
982.398
981.455
980.594
979.77
978.976
978.508
977.935
977.752
977.665
977.193
977.051
976.464
975.883
975.317
974.645
974.169
973.961
973.452
972.799
971.855
970.898
970.05
969.287
968.597
967.981
967.511
967.125
966.714
966.378
966.079
965.692
965.304
965.073
964.949
964.997
965.107
965.167
965.052
964.759
964.336
964.149
963.931
964.165
964.599
965.105
965.365
965.758
966.498
967.016
966.838
967.455
967.674
968.089
968.961
969.343
970.612
971.171
972.105
972.799
974.445
975.726
977.105
977.785
979.615
981.226
982.668
984.166
985.863
986.45
987.184
988.032
987.936
987.417
987.102
986.718
986.071
985.58
985.416
985.345
985.319
985.611
986.365
987.46
987.864
988.061
988.18
988.186
988.268
988.243
988.228
988.118
988.091
988.094
988.256
988.345
988.471
988.511
988.677
988.77
988.938
989.079
989.301
989.496
989.749
990.017
990.339
990.721
991.028
991.349
991.56
991.819
992.09
992.351
992.538
992.765
993.085
993.543
993.943
994.29
994.73
995.055
995.387
995.5
995.486
995.466
995.485
995.419
995.557
995.597
995.528
995.536
995.642
995.673
995.738
995.869
995.912
995.879
995.81
995.756
995.812
995.925
996.007
996.015
996.065
996.18
996.211
996.301
996.408
996.391
996.467
996.444
996.38
996.264
