19890
19890
19890
19890
19890
19890
19890
19890
19890
19890
19890
19890
19890
19890
19890
19890
19890
19890
19890
19890
19890
19890
19890
19890
19890
19890
19890
19890
19890
19890
19890
19890
19890
19890
19890
19890
19890
19890
19890
19890
19890
19890
19890
19889
19889
19884
19883
19882
19882
19881
19881
19881
19881
19881
19881
19880
19879
19879
19879
19879
19879
19879
19879
19879
19879
19879
19879
19879
19879
19879
19879
19879
19879
19879
19879
19879
19879
19879
19879
19879
19879
19879
19879
19879
19879
19879
19879
19879
19879
19879
19879
19879
19879
19879
19879
19879
19879
19879
19879
19879
19879
19879
19879
19879
19879
19879
19879
19879
19879
19879
19879
19879
19879
19879
19879
19879
19879
19879
19879
19879
19879
19879
19879
19879
19879
19879
19879
19879
19879
19879
19879
19879
19879
19879
19879
19879
19879
19879
19879
19879
19879
19879
19879
19879
19879
19879
19879
19879
19879
19879
19879
19879
19879
19879
19879
19879
19879
19879
19879
19879
19879
19879
19879
19879
19879
19879
19879
19879
19879
19879
19879
19879
19879
19879
19879
19879
19879
19879
19879
19879
19879
19879
19879
19879
19879
19879
19879
19879
19879
19879
19879
19879
19879
19879
19879
19879
19879
19879
19879
19879
19879
19879
19879
19879
19879
19879
19879
19879
19879
19879
19879
19879
19879
19879
19879
19879
19879
19879
19879
19879
19879
19879
19879
19879
19879
19879
19879
19879
19879
19879
19879
19879
19879
19879
19879
19879
19879
19879
19879
19879
19879
19879
19879
19879
19879
19879
19879
19879
19879
19879
19879
19879
19879
19879
19879
19879
19879
19879
19879
19879
19879
19879
19879
19879
19879
19879
19879
19879
19879
19879
19879
19879
19879
19879
19879
19879
19879
19879
19879
19879
19879
19879
19879
19879
19879
19879
19879
19879
19879
19879
19879
19879
19879
19879
19879
19879
19879
19879
19879
19879
19879
19879
19879
19879
19879
19879
19879
19879
19879
19879
19879
19879
19879
19879
19879
19879
19879
19879
19879
19879
19879
19879
19879
19879
19879
19879
19879
19879
19879
19879
19879
19879
19879
19879
19879
19879
19879
19879
19879
19879
19879
19879
19879
19879
19879
19879
19879
19879
19879
19879
19879
19879
19879
19879
19879
19879
19879
19879
19879
19879
19879
19879
19879
19879
19879
19879
19879
19879
19879
19879
19879
19879
19879
19879
19879
19879
19879
19879
19879
19879
19879
19879
19879
19879
19879
19879
19879
19879
19879
19879
19879
19879
19879
19879
19879
19879
19879
19879
19879
19879
