943.448
943.448
943.448
1000.1
1002.71
1001.87
1004.26
1006.56
1005.93
1006.15
1005.44
1005.2
1006.59
1007.66
1010.29
1013.57
1004.37
1001.8
1011.34
1001.61
1014.39
1001.78
1006.58
1005.28
1008.28
1015.86
1004.3
1002.37
1008.82
1009.65
1007.68
1010.89
1011.92
1009.92
1007.9
1008.08
1008.46
1008.43
1007.35
1007.75
1006.7
1006.12
1006.2
1004.99
1004.96
1004.34
1004.72
1004.71
1003.83
1003.92
1003.93
1003.99
1004.32
1003.6
1003.38
1003.66
1003.12
1003.37
1003.74
1003.62
1003.21
1003.54
1003.64
1003.13
1002.39
1003.14
1002.82
1003.11
1003.06
1002.83
1003.24
1002.8
1002.66
1002.58
1003.02
1003.03
1002.57
1003.17
1002.65
1003.13
1003.27
1003.19
1003.93
1004.43
1004.39
1005.24
1006
1005.52
1007.12
1007.28
1007.64
1007.57
1006.47
1005.06
1004.4
1004.2
1004.53
1005.27
1007.04
1007.01
1006.36
1003.2
1003.26
1003.09
1005.14
1005.41
1004.12
1004.19
1003.89
1003.19
1003.11
1003.11
1003.84
1007.02
1003
1003.44
1003.66
1003.67
1003.93
1003.7
1004.79
1003.32
1004.27
1003.79
1002.97
1003.85
1003
1003.09
1003.5
1005.53
1003.31
1003.26
1003.28
1003.07
1002.68
1003.16
1002.74
1002.74
1002.51
1002.7
1002.55
1002.48
1002.28
1002.66
1002.38
1002.54
1002.03
1002.04
1001.78
1001.52
1001.41
1002.42
1002.69
1003.72
1004.26
1003.89
1005.26
1005.06
1005.35
1006.84
1007.25
1006.92
1006.05
1005.75
1005.28
1004.27
1004.42
1003.77
1003.02
1002.7
1003.15
1004.33
1004.66
1004.98
1004.28
1003.1
1002.48
1001.48
1001.9
1001.51
1001.91
1002.77
1004.25
1004.09
1004.43
1003.6
1003.05
1002.47
1004.22
1005.69
1004.68
1003.89
1004.77
1004.52
1004.56
1004.24
1003.94
1003.18
1002.39
1002.07
