-45.9826
-45.8653
-45.5676
-45.0967
-44.4779
-43.7168
-42.8346
-41.851
-40.7834
-39.6415
-38.4331
-37.165
-35.8454
-34.4835
-33.089
-31.6803
-30.2657
-28.8343
-27.478
-26.077
-24.7367
-23.4706
-22.2219
-21.0246
-19.9208
-18.8761
-17.9144
-17.0219
-16.1861
-15.4283
-14.747
-14.2057
-13.8189
-13.5964
-13.5126
-13.5591
-13.7258
-13.9908
-14.3488
-14.7818
-15.2822
-15.8372
-16.4399
-17.0719
-17.7423
-18.3923
-19.0929
-19.8031
-20.5316
-21.2549
-21.9846
-22.7076
-23.421
-24.1225
-24.806
-25.4602
-26.0886
-26.6998
-27.2828
-27.8346
-28.3514
-28.8311
-29.2725
-29.6751
-30.0352
-30.3493
-30.6165
-30.8354
-31.0045
-31.1221
-31.187
-31.1979
-31.1535
-31.0537
-30.8976
-30.6857
-30.4186
-30.097
-29.723
-29.2977
-28.8232
-28.3028
-27.7403
-27.1414
-26.51
-25.8513
-25.1692
-24.4693
-23.7568
-23.0415
-22.3382
-21.6525
-20.9878
-20.3447
-19.719
-19.1077
-18.5154
-17.9404
-17.3856
-16.8506
-16.337
-15.7977
-15.3332
-14.9048
-14.5308
-14.2021
-13.9006
-13.6217
-13.3638
-13.1287
-12.9207
-12.7327
-12.5693
-12.4615
-12.4115
-12.4182
-12.5077
-12.6818
-12.9075
-13.1641
-13.4393
-13.7253
-14.0178
-14.3137
-14.6103
-14.9055
-15.1981
-15.4895
-15.7831
-16.0772
-16.3667
-16.6546
-16.9329
-17.2
-17.4512
-17.686
-17.9009
-18.0961
-18.2686
-18.4179
-18.5422
-18.6405
-18.7112
-18.7546
-18.7688
-18.7542
-18.7089
-18.6348
-18.53
-18.3959
-18.2314
-18.0393
-17.8175
-17.5694
-17.2948
-16.9971
-16.68
-16.346
-16.0035
-15.6578
-15.318
-14.9888
-14.6756
-14.3811
-14.1084
-13.8588
-13.6307
-13.4245
-13.239
-13.0748
-12.9312
-12.8071
-12.701
-12.6107
-12.5335
-12.4669
-12.4091
-12.3593
-12.317
-12.2822
-12.2573
-12.2422
-12.2395
-12.2504
-12.2763
-12.321
-12.3877
-12.477
-12.589
-12.7274
-12.8943
-13.0862
-13.3018
-13.5389
-13.792
-14.0553
-14.3271
-14.5963
-14.8638
-15.1242
-15.3743
-15.6128
-15.8343
-16.0379
-16.2217
-16.382
-16.5194
-16.6321
-16.7206
-16.7841
-16.8222
-16.8345
-16.8228
-16.7865
-16.7257
-16.6403
-16.5315
-16.4015
-16.255
-16.0931
-15.9141
-15.7164
-15.5101
-15.2983
-15.0819
-14.8585
-14.6306
-14.4054
-14.182
-13.9644
-13.7556
-13.5551
-13.3624
-13.1794
-13.0067
-12.8459
-12.6986
-12.5669
-12.4523
-12.3569
-12.282
-12.2259
-12.1846
-12.1573
-12.1415
-12.1336
-12.1317
-12.135
-12.1435
-12.1573
-12.178
-12.207
-12.2463
-12.2988
-12.3662
-12.4512
-12.5566
-12.6841
-12.8286
-12.9879
-13.1608
-13.3433
-13.5305
-13.7209
-13.9127
-14.1017
-14.2859
-14.4654
-14.6354
-14.7943
-14.941
-15.0719
-15.1896
-15.2893
-15.3741
-15.442
-15.4912
-15.517
-15.5262
-15.5149
-15.4842
-15.4356
-15.3692
-15.2864
-15.184
-15.0667
-14.9337
-14.7915
-14.6434
-14.4807
-14.3126
-14.1393
-13.9687
-13.7998
-13.6278
-13.4632
-13.3016
-13.147
-13.0027
-12.8674
-12.7417
-12.6249
-12.5166
-12.4192
-12.3311
-12.2519
-12.1819
-12.1205
-12.0676
-12.023
-11.9863
-11.9563
-11.9349
-11.9202
-11.9154
-11.9178
-11.9291
-11.9514
-11.9837
-12.0261
-12.0811
-12.1492
-12.2319
-12.3324
-12.4468
-12.5757
-12.7179
-12.8681
-13.0246
-13.1858
-13.3463
-13.5065
-13.6616
-13.8092
-13.9455
-14.0731
-14.1895
-14.2929
-14.385
-14.4603
-14.5198
-14.5611
-14.5879
-14.5983
-14.5937
-14.5722
-14.5373
-14.4869
-14.4223
-14.3413
-14.2499
-14.15
-14.0418
-13.9263
-13.8049
-13.6772
-13.5492
-13.4204
-13.296
-13.1789
-13.0665
-12.9619
-12.8633
-12.7692
-12.6869
-12.6139
-12.5475
-12.4859
-12.4305
-12.379
-12.331
-12.2847
-12.2412
-12.2013
-12.1623
-12.1256
-12.0915
-12.0584
-12.0294
-12.0025
-11.979
-11.9619
-11.9486
-11.9434
-11.9469
-11.9594
-11.9831
-12.0171
-12.0627
-12.119
-12.189
-12.2724
-12.3653
-12.469
-12.5813
-12.6979
-12.8181
-12.9407
-13.0603
-13.1782
