0.000902213
0.109168
0.397876
0.831697
1.40655
2.10439
2.85971
3.66438
4.5166
5.42462
6.39246
7.42062
8.50726
9.6441
10.8212
12.0102
13.2112
14.4385
15.6897
16.9413
18.1849
19.366
20.552
21.5915
22.5902
23.5304
24.3822
25.1862
25.9376
26.6247
26.6992
26.5029
26.3037
26.0802
25.7926
25.4328
24.9923
24.4883
23.9236
23.3099
22.6545
21.96
21.233
20.4458
19.6192
18.6696
17.6873
16.9176
16.0272
15.0765
14.1779
13.2646
12.4212
11.6145
10.7849
9.97436
9.23181
8.52098
7.86147
7.24222
6.66283
6.12442
5.629
5.17104
4.75969
4.39362
4.07803
3.81977
3.61215
3.46044
3.34726
3.29821
3.30521
3.38282
3.4907
3.65922
3.87956
4.13918
4.45164
4.81712
5.22161
5.6736
6.16078
6.67859
7.21104
7.74431
8.31944
8.89307
9.46072
9.93817
10.3277
10.7175
11.1138
11.5338
11.9349
12.2977
12.6458
12.98
13.263
13.5602
13.7544
13.9285
14.0101
14.02
14.0123
14.0199
13.8561
13.6424
13.4384
13.2704
13.0029
12.6922
12.284
11.7392
11.1191
10.5543
9.91292
9.05566
8.24391
7.71078
7.25501
6.82745
6.42177
6.03214
5.65904
5.29956
4.95798
4.62962
4.29329
3.9045
3.50492
3.15556
2.83076
2.52338
2.23304
1.96028
1.70537
1.47101
1.25963
1.07259
0.910536
0.774464
0.665926
0.586226
0.535687
0.514404
0.523763
0.563848
0.635137
0.737707
0.868879
1.02837
1.21543
1.42503
1.65507
1.90038
2.15624
2.41386
2.67196
2.92981
3.18846
3.44728
3.68972
3.91309
4.11519
4.30415
4.475
4.63355
4.77983
4.90971
5.02724
5.13333
5.22375
5.3028
5.36144
5.41488
5.46322
5.50611
5.53988
5.56264
5.57391
5.57105
5.55264
5.51674
5.46019
5.37966
5.27533
5.14445
4.9859
4.79745
4.57884
4.33544
4.06947
3.78414
3.48786
3.1854
2.88037
2.57898
2.28317
1.99786
