0.0210495
0.0210371
0.0210004
0.0209259
0.0208278
0.0207237
0.020609
0.0204817
0.0203451
0.0202024
0.0200577
0.0199122
0.0197673
0.0196253
0.0194842
0.0193474
0.0192126
0.0190955
0.01906
0.0190083
0.018983
0.0189826
0.0189665
0.0189398
0.0189366
0.0189201
0.0189171
0.0189135
0.0189049
0.0189126
0.0189122
0.0189144
0.0189161
0.0189336
0.0189487
0.0189642
0.018989
0.0190132
0.0190413
0.019068
0.0190966
0.0191247
0.0191528
0.0191754
0.0192036
0.0192042
0.0192233
0.019298
0.0193531
0.0194041
0.0194585
0.0194869
0.0195329
0.0195401
0.019567
0.0195927
0.0196124
0.0196331
0.0196554
0.0196782
0.0197184
0.0197398
0.0197831
0.0198352
0.0198713
0.0198892
0.0199302
0.0199708
0.0200177
0.0200547
0.0200905
0.0201207
0.020136
0.020165
0.0201809
0.0201941
0.0201968
0.0201997
0.0202042
0.0202136
0.0202107
0.0202082
0.0202101
0.0202074
0.020197
0.0201961
0.020189
0.0201879
0.0201917
0.0201844
0.0201702
0.020141
0.020128
0.0200974
0.0200858
0.0200818
0.0200685
0.0200352
0.02004
0.0200226
0.0199915
0.0199164
0.0198424
0.0197565
0.0196987
0.0196061
0.0195757
0.0195249
0.0194764
0.0194475
0.0194263
0.0193924
0.0193001
0.019227
0.01917
0.0190936
0.0190325
0.0190151
0.0190226
0.0190407
0.0190659
0.019086
0.0190998
0.0191128
0.0191193
0.0191201
0.0191162
0.0191083
0.019095
0.0190841
0.0190709
0.0190662
0.0190658
0.0190655
0.0190595
0.0190555
0.0190519
0.0190501
0.0190472
0.0190448
0.0190414
0.0190393
0.0190376
0.0190372
0.0190359
0.0190358
0.0190342
0.0190341
0.0190322
0.0190269
0.0190214
0.0190193
0.0190149
0.019011
0.0190011
0.0189959
0.0189911
0.0189825
0.0189771
0.0189704
0.018966
0.0189631
0.0189559
0.0189346
0.0189051
0.0188873
0.0188745
0.0188731
0.0188622
0.0188511
0.0188434
0.018841
0.0188423
0.0188432
0.0188441
0.0188445
0.0188436
0.018842
0.0188396
0.0188365
0.018834
0.0188305
0.018828
0.0188272
0.0188261
0.0188254
0.0188259
0.0188266
0.0188257
0.0188248
0.0188255
0.0188251
0.0188241
0.0188238
0.0188232
0.0188221
0.018824
0.0188226
0.0188231
0.0188241
0.018825
0.0188285
0.0188316
0.0188356
0.0188396
0.0188423
0.0188455
0.018848
0.0188511
0.0188542
0.0188569
0.0188593
0.0188631
0.0188663
0.0188695
0.0188709
0.0188713
0.0188708
0.0188719
0.0188747
0.0188758
0.0188729
0.0188714
0.0188712
0.0188725
0.0188706
0.0188659
0.0188622
0.0188559
0.0188495
0.0188455
0.0188421
0.0188381
0.0188327
0.0188257
0.0188166
0.0188028
0.0187876
0.0187741
0.0187645
0.0187603
0.018761
0.0187624
0.0187643
0.018767
0.0187699
0.0187717
0.0187731
0.0187754
0.0187774
0.0187806
0.0187837
0.0187872
0.0187901
0.0187915
0.0187924
0.018793
0.0187956
0.0187968
0.0187984
0.0188016
0.0188057
0.0188085
0.0188115
0.0188155
0.0188187
0.0188211
0.0188251
0.0188278
0.0188293
0.0188301
0.0188296
0.0188296
0.0188276
0.0188278
0.0188286
0.0188297
0.0188262
0.018825
0.0188229
0.0188203
0.0188182
0.0188159
0.0188148
0.0188104
0.0188064
0.0188001
0.0187959
0.018795
0.0187897
0.0187845
0.0187775
0.0187745
0.0187728
0.0187681
0.0187667
0.0187641
0.0187621
0.0187625
0.0187644
0.0187675
0.0187687
0.0187695
0.0187722
0.0187744
0.0187769
0.0187765
0.0187788
0.0187822
0.0187859
0.0187895
0.0187917
0.0187948
0.0187953
0.0187974
0.0187978
0.0187977
0.0187988
0.0187998
0.0188007
0.0188015
0.0188004
0.0187991
0.0187993
0.0187971
0.018796
0.0187955
0.0187937
0.0187932
0.0187942
0.018794
0.0187968
0.0187987
0.0188003
0.0188
0.0188009
0.0188013
0.0188009
0.0188039
0.0188036
0.018803
0.0188008
0.0187991
0.0187972
0.0187958
0.0187933
0.0187935
0.0187921
0.0187909
0.0187872
0.0187844
0.0187823
0.0187807
0.0187793
0.0187764
0.0187715
0.018768
0.018763
0.0187593
0.0187594
0.0187591
0.0187596
0.0187592
0.018756
0.0187567
0.0187593
0.018762
0.0187633
0.0187652
0.0187665
0.0187681
0.0187692
0.0187713
0.0187743
0.0187758
0.0187778
0.0187798
0.0187805
0.0187828
0.0187834
0.018784
0.0187863
0.0187855
0.0187864
0.0187876
0.0187884
0.0187903
0.0187908
0.018791
0.0187898
0.01879
0.0187906
0.0187884
0.0187881
0.0187879
0.0187862
0.0187853
0.0187853
0.0187824
0.0187808
