899.62
899.946
901.166
904.242
908.332
912.451
917.704
923.292
929.328
935.631
941.949
948.416
954.944
961.45
967.849
974.218
980.539
985.359
987.676
988.578
989.737
991.516
992.572
992.427
992.671
993.069
993.065
993.071
993.103
992.902
993.062
992.625
991.789
990.602
989.684
988.266
987.258
986.101
985.021
984.102
983.246
982.347
981.92
981.539
980.87
980.369
979.927
979.359
978.838
978.221
977.665
976.9
976.323
975.773
975.224
974.942
974.231
973.915
973.501
972.836
972.464
971.912
971.356
971.014
970.378
969.619
968.636
967.941
967.491
966.581
966.133
965.542
964.929
964.782
964.727
964.441
963.841
963.39
963.491
963.47
963.715
963.915
963.968
964.224
964.017
963.651
963.385
963.099
962.942
963.102
963.22
962.781
962.735
962.984
963.043
963.299
963.564
963.987
964.302
964.334
965.189
964.763
965.658
966.523
966.638
967.215
968.063
969.4
970.22
970.726
971.57
972.324
974.605
976.827
979.726
979.692
980.226
980.573
980.336
979.596
979.351
979.101
978.793
978.418
978.371
978.642
979.132
979.628
980.802
982.365
983.211
983.894
985.119
985.24
984.819
984.933
985.038
985.238
985.502
985.791
986.024
986.211
986.378
986.547
986.664
986.713
986.845
986.995
987.159
987.339
987.486
987.578
987.834
988.146
988.637
989.081
989.28
989.697
990.194
990.267
990.169
990.532
991.12
991.386
991.174
991.359
991.87
991.893
991.929
992.251
992.356
992.67
993.375
993.052
993.167
993.07
993.227
993.58
993.778
994.195
994.599
995.129
995.348
995.863
995.886
996.184
996.243
996.244
996.297
996.259
996.255
996.241
996.356
996.203
996.14
996.076
995.834
995.677
995.465
995.196
