19890
19890
19890
19890
19890
19890
19890
19890
19890
19890
19890
19890
19890
19890
19890
19890
19890
19890
19890
19890
19890
19890
19890
19890
19890
19890
19890
19890
19890
19890
19890
19890
19890
19890
19890
19890
19890
19890
19890
19890
19890
19890
19878
19868
19861
19852
19842
19836
19829
19825
19824
19823
19821
19821
19820
19820
19820
19820
19820
19820
19819
19819
19819
19819
19819
19819
19819
19819
19819
19819
19819
19819
19819
19819
19819
19819
19819
19819
19819
19819
19819
19819
19819
19819
19819
19819
19819
19819
19819
19819
19819
19819
19819
19819
19819
19819
19819
19819
19819
19819
19819
19819
19819
19819
19819
19819
19819
19819
19819
19819
19819
19819
19819
19819
19819
19819
19819
19819
19819
19819
19819
19819
19819
19819
19819
19819
19819
19819
19819
19819
19819
19819
19819
19819
19819
19819
19819
19819
19819
19819
19819
19819
19819
19819
19819
19819
19819
19819
19819
19819
19819
19819
19819
19819
19819
19819
19819
19819
19819
19819
19819
19819
19819
19819
19819
19819
19819
19819
19819
19819
19819
19819
19819
19819
19819
19819
19819
19819
19819
19819
19819
19819
19819
19819
19819
19819
19819
19819
19819
19819
19819
19819
19819
19819
19819
19819
19819
19819
19819
19819
