943.448
943.448
943.448
1009.03
1017.97
1027.54
1031.32
1034.87
1034.23
1034.67
1029.76
1028
1026.14
1026.51
1025.34
1026.45
1028.82
1025.71
1017.23
1013.33
1010.52
1012.08
1011.19
1010.36
1011.33
1010.85
1010.35
1010.49
1009.1
1057.73
1097.02
1097.79
1060.95
1051.76
1040.78
1032.12
1030.32
1020.43
1021.69
1016.4
1015.22
1014.89
1016.31
1295.38
1011.46
1012.8
1101.73
1113.46
1147.1
1139.71
1047.44
1101.69
1104.88
1007
1152.44
1143.51
1086.45
1040.86
1131.32
1027.08
1020.8
1018.79
1028.7
1047.17
1024.27
1020.08
1018.26
1007.84
1016.54
1062.58
1010.15
1016.83
1037.4
1023.52
1005.1
1042.96
1077.9
1010.68
1010.57
1010.42
1074.59
1020.42
1018.55
1022.88
1018.57
1013.44
1020.3
1009.66
1014.95
1030.04
1033.75
1036.24
1027.96
1029.95
1017.78
1016.08
1022.83
1061.1
1014.04
1034.05
1042.48
1026.25
1023.14
1049.46
1072.35
1046.2
1057.66
1125.42
1055.62
1065.24
1046.07
1081.25
1053.81
1062.4
1044.79
1104.55
1065.66
1077.32
1076.79
1045.19
1025.04
1013.67
1021.2
1019.18
1024.28
1014.67
1013.89
1009.69
1007.86
1018.14
1017.48
1033.4
1050.37
1081.33
1013.64
1013.91
1014.88
1035.49
1013.06
1007.38
1031.02
1024.19
1008.39
1006.73
1008.99
1008.17
1006.04
1011.2
1005.11
1005.26
1005.43
1005.68
1006.44
1013.57
1005.04
1007.69
1006.43
1017.18
1014.25
1010.62
1009.48
1008.54
1009.5
1007.39
1009.75
1012.75
1009.47
1025.46
1007.58
1008.88
1019.56
1013.77
1027.2
1026.6
1009.39
1010.58
1014.99
1010.64
1005.21
1004.61
1009.72
1019.14
1009.12
1006.91
1011.6
1018.08
1006.79
1007.43
1008.39
1009.3
1008.46
1008.49
1012.21
1008.01
1007.32
1006.6
1006.99
1006.43
1006.14
1006.01
1005.66
1005.46
1005.64
1005.54
1005.18
1005.1
1005.22
1005.27
1005.2
1004.92
1004.84
1004.76
1004.71
1005.06
1004.97
1004.85
1004.93
1005.24
1005.35
1005.53
1005.57
1005.55
1005.61
1005.74
1006.04
1006.07
1006.01
1005.99
1005.74
1006.31
1008.24
1006.1
1006.09
1006.41
1006.37
1009.63
1006.35
1009.86
1014.08
1007.68
1022.93
1008.56
1028.11
1024.36
1020.47
1031.74
1028.28
1017.74
1019.93
1007.36
1005.24
1004.96
1005.7
1005.86
1008.39
1009.02
1008.81
1014.41
1010.9
1008.05
1008.49
1008.23
1006.1
1009.9
1005.86
1005.34
1005.43
1005.09
1005
1004.96
1005.15
1004.9
1005.29
1005.25
1004.9
1004.69
1004.68
1004.71
1004.81
1004.69
1004.71
1004.92
1004.92
1004.87
1004.9
1004.92
1004.86
1004.88
1004.93
1005
1005.22
1005.16
1005.08
1005.31
1005.39
1005.6
1005.3
1005.43
1005.97
1005.53
1006.97
1006.02
1018.5
1006.61
1005.71
1011.27
1012.73
1008.99
1014.6
1028.14
1005.14
1013.53
1025.76
1013.16
1039.5
1026.05
1010.55
1005.39
1010.81
1019.25
1012.86
1022.51
1018.57
1018.16
1021.51
1026.07
1008.34
1006.74
1007.06
1006.07
1010.19
1006.02
1006.25
1006.2
1005.96
1005.09
1004.95
1005.12
1004.82
1004.94
1004.82
1005.02
1004.95
1004.68
1005.19
1005.27
1004.87
1004.95
1004.74
1004.97
1004.9
1004.9
1005.03
1004.88
1005.15
1005.02
1004.98
1005.25
1005.17
1005.32
1005.37
1005.05
1005.36
1005.24
1005.39
1005.21
1005.28
1006.87
1004.97
1005.15
1004.68
1004.58
1004.59
1004.63
1004.26
1003.77
1003.65
1003.59
1003.55
1003.54
1003.63
1003.72
1003.77
1003.77
1003.79
1003.97
1004.23
1004.42
1004.65
1005.43
1005.08
1005.94
1005.95
1005.63
1005.84
1005.81
1006.11
1006.01
1005.93
1005.35
