5.63883e-05
0.0947888
0.369964
0.814356
1.37531
2.07341
2.84398
3.66622
4.54342
5.46177
6.43346
7.46891
8.56082
9.69901
10.8766
12.0758
13.2856
14.4945
15.7222
16.9807
18.2318
19.4335
20.5847
21.6811
22.713
23.6768
24.6001
25.4321
26.2015
26.9159
27.3522
27.5126
27.477
27.3388
27.1182
26.8252
26.4302
25.9614
25.4217
24.821
24.1648
23.4623
22.3568
21.3674
20.4097
19.4593
18.503
17.5843
16.6342
15.7257
14.867
14.0087
13.1423
12.2797
11.4182
10.5845
9.81189
9.07409
8.37821
7.73283
7.10045
6.54176
6.02532
5.54738
5.09949
4.6765
4.30962
4.00403
3.73092
3.52013
3.37796
3.2648
3.23101
3.26846
3.3543
3.47049
3.62341
3.84541
4.13265
4.4827
4.88851
5.34415
5.83447
6.35909
6.89277
7.45407
8.0264
8.60722
9.21142
9.76927
10.2498
10.6619
11.0944
11.5275
11.9467
12.3519
12.746
13.1385
13.5175
13.8727
14.1771
14.4204
14.6294
14.7693
14.8708
14.8947
14.8773
14.7708
14.6131
14.472
14.3005
14.0236
13.6436
13.1561
12.4215
11.7155
10.9149
10.125
9.4293
8.85009
8.32566
7.84073
7.38122
6.9431
6.52643
6.13527
5.74944
5.3754
5.0073
4.61709
4.21763
3.83287
3.44694
3.06399
2.71074
2.38929
2.09339
1.82178
1.57381
1.35271
1.15957
0.993962
0.857132
0.750971
0.674315
0.627496
0.613965
0.63407
0.687752
0.774918
0.884438
1.02958
1.20698
1.41042
1.64195
1.88374
2.1504
2.42908
2.69001
2.94227
3.21082
3.49594
3.7799
4.0532
4.31583
4.57681
4.79182
4.99841
5.19105
5.37162
5.53802
5.69047
5.79931
5.89751
5.98581
6.05433
6.11874
6.17488
6.2205
6.25908
6.28601
6.29868
6.29474
6.26648
6.21298
6.13186
6.01998
5.874
5.68861
5.46633
5.21294
4.931
4.6256
4.30683
3.98011
3.65102
3.32397
3.00207
2.68827
2.3854
