0.0210496
0.02104
0.0210072
0.0209386
0.0208455
0.0207508
0.020635
0.0205098
0.0203736
0.0202316
0.0200886
0.019943
0.0197962
0.0196505
0.0195071
0.0193646
0.0192219
0.0191048
0.0190437
0.0190179
0.0189918
0.0189544
0.01893
0.0189312
0.0189254
0.018915
0.018912
0.0189102
0.018908
0.0189099
0.0189133
0.0189322
0.0189767
0.0190285
0.0190788
0.0191361
0.0191991
0.019248
0.0192928
0.0193289
0.0193666
0.0193988
0.0193937
0.019372
0.019401
0.0193829
0.0193885
0.0194141
0.0194145
0.019463
0.0195066
0.0195413
0.0195723
0.0196232
0.0196449
0.0196651
0.0196921
0.0197273
0.0197677
0.0198078
0.019818
0.019853
0.0198803
0.0198944
0.0199322
0.0199769
0.0199922
0.0200401
0.0200574
0.0200637
0.0201069
0.0201279
0.020171
0.0201968
0.020224
0.0202321
0.0202406
0.0202591
0.0202553
0.020258
0.0202731
0.0202598
0.0202541
0.0202471
0.0202364
0.020238
0.0202401
0.0202459
0.0202511
0.0202496
0.0202379
0.0202366
0.0202187
0.0201946
0.0201937
0.0201963
0.0201724
0.0201485
0.0201439
0.0201623
0.0201542
0.0201339
0.0201335
0.0200643
0.0200259
0.0199628
0.019909
0.0198569
0.0197937
0.019708
0.0196417
0.019542
0.0194684
0.0194023
0.01938
0.0193481
0.0192845
0.0192632
0.0193363
0.019419
0.0194674
0.0195094
0.0195207
0.0195424
0.0195632
0.01957
0.0195718
0.0195715
0.0195495
0.0195317
0.0194964
0.0194348
0.0193803
0.0193502
0.0193806
0.0193986
0.019394
0.0193811
0.0193789
0.0193694
0.0193609
0.0193584
0.0193568
0.0193484
0.0193417
0.0193507
0.0193495
0.019339
0.019331
0.0193238
0.0193169
0.0192981
0.01928
0.0192651
0.0192585
0.0192458
0.0192263
0.0192025
0.0191682
0.0191745
0.0191661
0.0191474
0.0191387
0.0191286
0.019113
0.0190995
0.0190959
0.0190838
0.0190678
0.01905
0.0190395
0.0189999
0.0189741
0.0189235
0.0188973
0.0188852
0.0188622
0.0188557
0.0188477
0.0188432
0.0188271
0.0188251
0.0188179
0.0188135
0.0188014
0.0187939
0.0187928
0.0187897
0.0187749
0.0187762
0.0187789
0.0187774
0.0187696
0.0187699
0.0187713
0.0187717
0.0187727
0.0187755
0.0187797
0.0187843
0.0187902
0.018796
0.0188017
0.0188078
0.0188134
0.0188192
0.0188248
0.0188302
0.0188354
0.0188401
0.0188446
0.018849
0.0188526
0.0188559
0.0188586
0.0188608
0.0188626
0.0188637
0.0188641
0.0188644
0.0188642
0.0188638
0.0188632
0.0188621
0.0188611
0.0188599
0.0188581
0.0188558
0.0188524
0.0188491
0.0188438
0.0188402
0.018837
0.0188342
0.0188312
0.0188287
0.0188243
0.0188201
0.0188136
0.0188116
0.0188074
0.0188066
0.018803
0.018781
0.0187623
0.0187546
0.0187557
0.0187547
0.0187609
0.0187683
0.0187742
0.0187766
0.0187773
0.0187754
0.018772
0.0187684
0.0187671
0.0187632
0.0187637
0.018767
0.0187753
0.0187811
0.0187881
0.0187958
0.0188036
0.0188122
0.0188194
0.0188271
0.0188335
0.018839
0.0188442
0.0188486
0.0188529
0.0188564
0.0188597
0.0188629
0.0188654
0.0188678
0.0188695
0.0188713
0.0188725
0.0188733
0.0188741
0.0188741
0.0188736
0.0188727
0.0188709
0.0188691
0.0188636
0.018859
0.0188553
0.0188512
0.0188471
0.0188423
0.018837
0.0188314
0.0188264
0.0188208
0.0188157
0.0188123
0.0188058
0.0187991
0.0187927
0.018789
0.0187867
0.0187845
0.0187816
0.0187837
0.0187839
0.0187793
0.0187816
0.018783
0.0187844
0.0187782
0.018776
0.0187829
0.0187902
0.0187972
0.0187964
0.0187878
0.0187807
0.0187857
0.0187825
0.0187869
0.0187705
0.0187673
0.0187634
0.0187653
0.0187646
0.0187632
0.0187608
0.0187599
0.0187589
0.0187566
0.0187563
0.0187547
0.0187549
0.0187553
0.0187547
0.0187548
0.0187538
0.0187524
0.0187509
0.0187489
0.0187466
0.0187438
0.0187412
0.0187382
0.0187345
0.0187315
0.018728
0.0187242
0.0187207
0.0187168
0.0187129
0.0187088
0.018705
0.0187016
0.0186983
0.0186959
0.018694
0.0186928
0.0186927
0.0186931
0.018695
0.0186974
0.0187003
0.0187031
0.0187056
0.0187081
0.0187103
0.018712
0.0187139
0.0187158
0.018717
0.0187186
0.0187197
0.018721
0.018722
0.0187231
0.0187241
0.0187246
0.0187254
0.0187257
0.0187261
0.0187262
0.0187266
0.018727
0.0187268
0.0187267
0.0187272
0.0187263
0.0187263
0.018726
0.0187251
0.018726
0.0187258
0.0187255
0.0187254
0.0187242
