-45.9843
-45.8873
-45.6098
-45.158
-44.5616
-43.8186
-42.9479
-41.9763
-40.9186
-39.7858
-38.5822
-37.3137
-35.989
-34.619
-33.2154
-31.7906
-30.3581
-28.9332
-27.5313
-26.1618
-24.816
-23.497
-22.2424
-21.0618
-19.9445
-18.8955
-17.9053
-17.0097
-16.1793
-15.4145
-14.7256
-14.186
-13.8141
-13.5987
-13.5292
-13.6015
-13.7885
-14.0844
-14.4706
-14.9388
-15.4765
-16.0709
-16.6027
-17.1802
-17.8084
-18.4448
-19.0883
-19.7785
-20.4686
-21.1827
-21.9209
-22.6534
-23.3665
-24.0838
-24.7775
-25.4597
-26.1223
-26.7585
-27.3621
-27.9324
-28.4692
-28.9711
-29.4349
-29.8575
-30.239
-30.5786
-30.8776
-31.1281
-31.3247
-31.4713
-31.561
-31.5969
-31.5804
-31.505
-31.3722
-31.1844
-30.9433
-30.6496
-30.2962
-29.8875
-29.4248
-28.9128
-28.3562
-27.7565
-27.1225
-26.4598
-25.7721
-25.0679
-24.3468
-23.6177
-22.8971
-22.1976
-21.5167
-20.8527
-20.2044
-19.5695
-18.9539
-18.3588
-17.786
-17.235
-16.7007
-16.1946
-15.711
-15.2529
-14.8401
-14.4575
-14.1099
-13.7867
-13.4946
-13.2374
-13.0048
-12.8112
-12.6638
-12.578
-12.5491
-12.6183
-12.7439
-12.928
-13.1738
-13.4692
-13.7788
-14.1034
-14.4328
-14.76
-15.0803
-15.3812
-15.6807
-15.9695
-16.2482
-16.5274
-16.8177
-17.1054
-17.3876
-17.6727
-17.9547
-18.218
-18.4647
-18.6922
-18.898
-19.081
-19.2393
-19.3719
-19.4778
-19.5559
-19.6046
-19.6239
-19.6136
-19.5713
-19.4969
-19.3898
-19.2501
-19.0797
-18.8765
-18.6426
-18.3791
-18.0905
-17.7786
-17.4458
-17.0961
-16.7467
-16.3958
-16.0355
-15.6799
-15.3383
-15.006
-14.6859
-14.3854
-14.1028
-13.8421
-13.5959
-13.3701
-13.1608
-12.9684
-12.8046
-12.6532
-12.524
-12.4055
-12.2969
-12.2012
-12.1132
-12.0395
-11.9777
-11.9385
-11.9152
-11.9223
-11.9514
-12.0155
-12.1104
-12.2375
-12.4007
-12.5984
-12.8269
-13.0792
-13.356
-13.6458
-13.9419
-14.2432
-14.5411
-14.8345
-15.1203
