898.112
898.439
899.663
902.739
906.716
910.528
915.401
920.523
926.097
931.852
937.741
943.847
950.038
956.254
962.506
968.676
974.959
980.567
984.885
987.147
988.579
989.716
990.58
991.11
991.329
991.269
991.382
991.71
990.855
989.973
989.472
988.38
987.581
986.487
985.45
984.472
983.5
982.467
981.644
980.777
980.008
979.389
978.845
978.616
977.881
977.203
976.419
975.551
975.071
974.49
973.999
973.51
973.22
973.037
972.51
972.224
971.431
970.956
970.319
969.393
968.349
967.727
967.057
966.156
965.473
965.013
964.512
963.766
963.3
962.775
961.837
961.315
960.984
960.538
960.001
959.78
959.659
959.327
959.245
959.176
959.353
959.328
958.977
958.985
958.933
958.792
958.525
958.843
959.186
959.336
959.66
959.658
959.914
960.574
961.4
962.188
962.501
963.281
964.501
965.855
967.277
968.946
969.902
971.327
972.821
973.733
974.828
974.556
975.28
975.682
976.46
977.622
977.327
976.855
977.248
977.88
978.496
978.217
978.377
978.995
979.699
980.628
981.409
982.029
982.544
982.964
983.622
984.199
984.711
985.2
985.538
985.876
986.167
986.391
986.518
986.652
986.713
986.811
986.863
987.011
987.001
987.055
987.15
987.368
987.469
987.564
987.767
987.845
988.027
988.178
988.357
988.513
988.642
988.817
988.966
989.06
989.203
989.383
989.664
990.022
990.964
991.905
991.667
991.858
992.876
993.634
993.662
994.18
994.261
994.477
994.178
993.821
993.693
993.639
993.705
993.633
993.864
994.129
994.481
994.882
995.163
995.465
995.755
995.913
996.104
996.179
996.215
996.307
996.265
996.26
996.348
996.334
996.348
996.436
996.447
996.46
996.482
996.516
996.575
996.693
996.851
997.098
997.253
997.382
997.621
997.771
997.892
998.081
998.212
998.292
998.364
998.381
998.383
998.376
998.334
998.294
998.24
998.147
998.094
998.044
998.016
997.951
997.837
997.765
997.664
997.594
997.507
997.423
997.374
997.26
997.278
997.293
997.281
997.07
996.831
996.753
996.542
996.462
996.424
996.274
996.218
996.146
996.026
995.953
995.792
995.647
995.578
995.423
995.335
995.253
995.166
995.126
995.093
995.055
995.076
995.084
995.14
995.238
995.315
995.392
995.491
995.538
995.647
995.729
995.792
995.928
996.032
996.122
996.246
996.346
996.438
996.543
996.643
996.736
996.811
996.891
996.957
997.023
997.103
997.091
997.076
997.131
997.158
997.18
997.198
997.168
997.089
997.3
997.46
997.354
997.165
997.183
996.968
996.937
997.107
997.167
997.399
997.036
997.062
997.093
997.131
997.208
997.104
996.862
996.87
996.848
996.948
997.089
997.16
997.285
997.329
997.607
997.811
998.077
998.259
998.464
998.653
998.821
998.982
999.098
999.254
999.355
999.47
999.594
999.68
999.793
999.857
999.921
999.966
999.965
999.966
999.923
999.858
999.785
999.721
999.648
999.602
999.527
999.473
999.406
999.339
999.283
999.22
999.17
999.113
999.053
999.006
998.952
998.922
998.881
998.864
998.848
998.843
998.84
998.827
998.834
998.841
998.849
998.866
998.886
998.896
998.919
998.938
998.955
998.976
999
999.035
999.081
999.126
999.195
999.263
999.338
999.431
999.53
999.631
999.745
999.858
999.967
1000.09
1000.19
1000.29
1000.39
1000.46
1000.52
1000.57
1000.58
1000.58
1000.56
1000.52
1000.47
1000.4
1000.33
1000.26
1000.19
1000.12
1000.04
999.96
999.886
999.797
999.728
