39780
39780
39780
39780
39780
39780
39780
39780
39780
39780
39780
39780
39780
39780
39780
39780
39780
39780
39780
39780
39780
39780
39780
39780
39780
39780
39780
39780
39780
39780
39780
39780
39779
39779
39779
39779
39779
39779
39779
39779
39778
39776
39769
39751
39738
39736
39732
39732
39730
39729
39729
39729
39729
39729
39729
39727
39727
39726
39724
39724
39724
39724
39724
39724
39723
39722
39722
39722
39722
39722
39722
39722
39722
39722
39722
39722
39722
39722
39722
39722
39722
39722
39722
39722
39722
39722
39722
39722
39722
39722
39722
39722
39722
39722
39722
39722
39722
39722
39722
39722
39722
39722
39722
39722
39722
39722
39722
39722
39722
39722
39722
39722
39722
39722
39722
39722
39722
39722
39722
39722
39722
39722
39722
39722
39722
39722
39722
39722
39722
39722
39722
39722
39722
39722
39722
39722
39722
39722
39722
39722
39722
39722
39722
39722
39722
39722
39722
39722
39722
39722
39722
39722
39722
39722
39722
39722
39722
39722
39722
39722
39722
39722
39722
39722
39722
39722
39722
39722
39722
39722
39722
39722
39722
39722
39722
39722
39722
39722
39722
39722
39722
39722
39722
39722
39722
39722
39722
39722
39722
39722
39722
39722
39722
39722
39722
39722
39722
39722
39722
39722
39722
39722
39722
39722
39722
39722
39722
39722
39722
39722
39722
39722
39722
39722
39722
39722
39722
39722
39722
39722
39722
39722
39722
39722
39722
39722
39722
39722
39722
39722
39722
39722
39722
39722
39722
39722
39722
39722
39722
39722
39722
39722
39722
39722
39722
39722
39722
39722
39722
39722
39722
39722
39722
39722
39722
39722
39722
39722
39722
39722
39722
39722
39722
39722
39722
39722
39722
39722
39722
39722
39722
39722
39722
39722
39722
39722
39722
39722
39722
39722
39722
39722
39722
39722
39722
39722
39722
39722
39722
39722
39722
39722
39722
39722
39722
39722
39722
39722
39722
39722
39722
39722
39722
39722
39722
39722
39722
39722
39722
39722
39722
39722
39722
39722
39722
39722
39722
39722
39722
39722
39722
39722
39722
39722
39722
39722
39722
39722
39722
39722
39722
39722
39722
39722
39722
39722
39722
39722
39722
39722
39722
39722
39722
39722
39722
39722
39722
39722
39722
39722
39722
39722
39722
39722
39722
39722
39722
39722
39722
39722
39722
39722
39722
39722
39722
39722
39722
39722
39722
39722
39722
39722
39722
39722
39722
39722
39722
39722
39722
39722
39722
39722
39722
39722
39722
39722
39722
39722
39722
39722
39722
39722
39722
39722
39722
39722
39722
39722
39722
39722
