943.448
943.448
943.448
1002.93
1018.19
1031.39
1033.27
1033.28
1041.55
1039.54
1058.14
1070.23
1076.06
1065.9
1033.11
1076.99
1050.53
1038.39
1044.52
1034.33
1053.6
1015.6
1017.84
1013.75
1013.22
1010.55
1012.89
1115.96
1082.46
1049.79
1064.25
1035.36
1027.95
1022.87
1083.2
1073.78
1016.68
1015.08
1013.24
1073.9
1010.46
1031.87
1154.56
1156.93
1138.45
1148.94
1151.57
1114.22
1161.44
1142.42
1057.28
1106.12
1087.84
1035.61
1039.96
1028.73
1049.97
1075.15
1023.91
1113.75
1057.38
1090.4
1014.79
1056.67
1063.78
1078.13
1103.7
1076.45
1066.73
1012.84
1053.26
1086.69
1026.79
1086.95
1012.96
1048.57
1039.76
1037.3
1012.66
1065.8
1019.98
1011.19
1009.77
1024.08
1016.82
1018.4
1052.96
1025.39
1050.23
1023.66
1028.16
1020.13
1025.41
1060.52
1078.59
1028.87
1073.31
1089.83
1106.92
1078.97
1065.62
1075.21
1087.6
1069.51
1058.95
1053.57
1047.41
1042.93
1045.15
1058.77
1058.04
1072.83
1045.3
1144.05
1078.8
1079.77
1068.12
1029.5
1036.4
1026.91
1028.23
1025.15
1019.4
1018.87
1029.44
1017.15
1028.91
1013.6
1011.41
1010.72
1011.07
1011.79
1009.38
1020.44
1013.22
1010.21
1005.9
1005.87
1005.7
1007.77
1007.53
1006.73
1006.4
1019.27
1006.07
1006.26
1006.85
1007.16
1007.38
1010.47
1006.41
1006.48
1007.26
1007.42
1010.02
1009.96
1021.56
1011.71
1012.16
1013.2
1033.15
1019.48
1029.62
1035.55
1020.19
1012.18
1021.85
1041.61
1045.25
1029.53
1034.42
1015.51
1014.89
1013.53
1021.32
1019.49
1020.03
1007
1046.62
1032
1039.38
1028.94
1019.32
1010.39
1015
1007.91
1012.99
1006.53
1005.77
1006.02
1005.8
1005.48
1005.53
1005.33
1005.32
1005.13
1005.05
1005.01
1005.03
1005
