0.000112777
0.189578
0.739928
1.62877
2.75425
4.16191
5.74838
7.49617
9.36457
11.3285
13.379
15.5127
17.7192
19.976
22.2593
24.5417
26.7764
28.9575
31.1153
33.3043
35.5001
37.6897
39.8486
41.9
43.8342
45.6589
47.3839
48.2686
48.4717
48.5317
48.422
48.1711
47.6804
47.0266
46.1851
45.1885
44.067
42.8338
41.5032
40.0949
38.6046
37.0638
35.3819
33.4739
31.7031
30.0537
28.342
26.6736
24.907
23.2154
21.5659
19.9829
18.505
17.0967
15.7636
14.464
13.3046
12.2121
11.1601
10.168
9.29986
8.51598
7.81433
7.19656
6.705
6.31251
6.02351
5.82753
5.73565
5.7211
5.78137
5.95437
6.23177
6.61249
7.07304
7.64577
8.30336
9.05083
9.89384
10.8128
11.789
12.8142
13.8728
14.9954
16.1079
17.2221
18.3344
19.4068
20.4156
21.3703
22.3105
23.1943
24.0574
24.8579
25.632
26.2817
26.8703
27.4085
27.7683
27.9709
28.0176
27.8673
27.7025
27.4393
27.0023
26.4433
25.722
25.0271
24.241
23.3577
22.2285
20.7628
19.1171
17.5384
15.9352
14.4197
13.0184
11.8109
10.7475
9.77958
8.8894
8.04901
7.23618
6.48334
5.76409
5.12994
4.53761
3.97785
3.44711
2.95124
2.49786
2.11104
1.78573
1.51494
1.30282
1.14821
1.05219
1.01059
1.02743
1.09742
1.21554
1.39889
1.64107
1.93444
2.2795
2.67313
3.11247
3.59364
4.11331
4.66632
5.24545
5.84726
6.47102
7.10993
7.75693
8.4096
9.06059
9.70105
10.3078
10.8587
11.3056
11.5921
11.8875
12.1874
12.3843
12.4434
12.4214
12.2195
11.9251
11.5472
11.1835
10.8356
10.4785
10.1021
9.6985
9.2888
8.87322
8.44829
8.01255
7.56328
7.1035
6.63055
6.14497
5.65232
5.15301
4.65154
4.15187
3.65694
3.173
2.70854
2.26978
1.86417
1.50028
1.1806
0.909514
0.694892
0.538661
0.441988
0.406716
0.43189
0.513055
0.646265
0.828712
1.05844
1.3303
1.63685
1.97398
2.33648
2.71612
3.10672
3.50443
3.90466
4.3027
4.69465
5.07738
5.44717
5.80124
6.13728
6.45307
6.7474
7.01799
7.26198
7.4814
7.67216
7.83559
7.96834
8.06588
8.129
8.14888
8.12107
8.03451
7.87207
7.62361
7.34771
7.05233
6.73103
6.38092
5.99982
5.59148
5.1681
4.73807
4.30813
3.88373
3.46882
3.06859
2.68637
2.32525
1.98052
1.67166
1.39235
1.14489
0.931251
0.751825
0.607841
0.500066
0.428087
0.392317
0.389711
0.419523
0.482767
0.581294
0.708479
0.864329
1.04484
1.24707
1.46752
1.70311
1.95031
2.20552
2.46566
2.72141
2.97897
3.23368
3.48195
3.72358
3.95624
4.1786
4.38969
4.58745
4.77198
4.94312
5.09945
5.23944
5.36122
5.46251
5.549
5.62289
5.66977
5.65926
5.6174
5.56301
5.47244
5.35798
5.23335
5.07358
4.87488
4.61277
4.33996
4.07027
3.78237
3.47684
3.15783
2.81984
2.49727
2.18099
1.87933
1.58594
1.31272
1.05326
0.821063
0.619621
0.453458
0.317148
0.210399
0.140237
0.1065
0.106208
0.137793
0.199215
0.289188
0.406019
0.547973
0.712811
0.89744
1.09846
1.31213
1.5347
1.76218
1.9903
2.21541
2.43373
2.64211
2.83816
3.01984
3.18605
3.33596
3.4691
3.58572
3.686
3.7706
3.84005
3.89501
3.93609
3.96362
3.978
3.97926
3.96722
3.94166
3.90198
3.84758
3.77767
3.69138
3.58795
3.4667
3.32738
3.17015
2.99544
2.80443
2.59953
2.38284
2.15813
1.92878
1.69903
1.47233
1.25244
1.04308
0.84735
0.668054
0.507811
0.368718
0.252548
0.160643
0.0940187
0.0532781
0.0387028
0.0502652
0.0875128
0.149651
0.235538
0.34366
0.472178
0.618903
0.781351
0.956695
1.14186
1.33358
1.52851
1.72333
1.91458
2.09923
2.27445
2.438
2.58784
2.72292
2.84234
2.94589
3.03375
3.10611
3.16344
3.20595
