-91.9685
-91.7745
-91.2197
-90.3161
-89.1222
-87.6324
-85.8758
-83.8968
-81.7176
-79.3672
-76.8695
-74.246
-71.5276
-68.7337
-65.8912
-63.0247
-60.1535
-57.3149
-54.5325
-51.8373
-49.2292
-46.7121
-44.3109
-42.0247
-39.8819
-37.8997
-36.0102
-34.3644
-33.0478
-32.08
-31.4417
-31.1502
-31.1345
-31.4009
-31.9029
-32.596
-33.4574
-34.4613
-35.5724
-36.7856
-38.063
-39.3935
-40.7311
-41.9869
-43.2931
-44.6961
-46.0836
-47.4895
-48.8624
-50.2168
-51.551
-52.8459
-54.1003
-55.3059
-56.4576
-57.5316
-58.5537
-59.4994
-60.3678
-61.1761
-61.9076
-62.5512
-63.1104
-63.5829
-63.9565
-64.2335
-64.4174
-64.5091
-64.4996
-64.3914
-64.1864
-63.8806
-63.4687
-62.9591
-62.3562
-61.6546
-60.8587
-59.9721
-58.9999
-57.9488
-56.8269
-55.6446
-54.4138
-53.1364
-51.8239
-50.4884
-49.1353
-47.779
-46.4369
-45.1091
-43.8069
-42.5344
-41.2908
-40.0794
-38.903
-37.7726
-36.6928
-35.6507
-34.6571
-33.7151
-32.8498
-32.0688
-31.4317
-30.89
-30.4414
-30.1353
-29.9477
-29.884
-29.9129
-30.037
-30.2698
-30.5976
-31.0212
-31.5049
-32.0745
-32.7268
-33.4357
-34.1609
-34.869
-35.5443
-36.1912
-36.7985
-37.3839
-37.9428
-38.477
-38.9634
-39.4188
-39.8416
-40.2335
-40.596
-40.9223
-41.2076
-41.4479
-41.6422
-41.7876
-41.8817
-41.9234
-41.9121
-41.8462
-41.7268
-41.5539
-41.3267
-41.0454
-40.7091
-40.3243
-39.891
-39.4109
-38.8909
-38.3297
-37.7352
-37.1108
-36.4593
-35.7878
-35.0981
-34.3976
-33.6909
-32.9799
-32.2722
-31.5753
-30.9034
-30.2595
-29.6625
-29.1341
-28.6483
-28.2135
-27.8778
-27.6365
-27.4795
-27.4376
-27.4672
-27.5737
-27.7301
-27.9293
-28.1664
-28.4302
-28.7256
-29.0349
-29.3609
-29.7034
-30.0558
-30.4272
-30.8114
-31.2066
-31.6191
-32.0373
-32.4652
-32.8985
-33.3274
-33.7522
-34.1617
-34.5489
-34.9096
-35.2335
-35.515
-35.7514
-35.934
-36.0607
-36.1299
-36.1373
-36.0848
-35.9745
-35.8067
-35.5885
-35.3222
-35.0117
-34.6665
-34.2918
-33.8907
-33.4727
-33.0428
-32.6055
-32.1678
-31.7321
-31.3025
-30.8844
-30.478
-30.087
-29.715
-29.3609
-29.0288
-28.7186
-28.4311
-28.1695
-27.932
-27.7224
-27.5409
-27.3889
-27.2702
-27.1851
-27.1414
-27.1365
-27.1864
-27.2986
-27.4693
-27.6867
-27.9301
-28.2194
-28.5358
-28.8794
-29.2518
-29.6318
-30.0219
-30.4144
-30.7971
-31.1734
-31.5342
-31.8734
-32.2025
-32.4947
-32.7585
-32.9945
-33.194
-33.3622
-33.4958
-33.5914
-33.6539
-33.6794
-33.6681
-33.6241
-33.545
-33.4336
-33.2937
-33.1246
-32.9303
-32.7158
-32.4803
-32.2298
-31.9679
-31.6948
-31.4174
-31.1371
-30.857
-30.5795
-30.3058
-30.0386
-29.7781
-29.5265
-29.2849
-29.0528
-28.8335
-28.626
-28.4319
-28.2507
-28.0846
-27.934
-27.8025
-27.6866
-27.5845
-27.5083
-27.4656
-27.4515
-27.4566
-27.4981
-27.5551
-27.6302
-27.7303
-27.8708
-28.0668
-28.2748
-28.5009
-28.7443
-29.0028
-29.2656
-29.5413
-29.8068
-30.0687
-30.3162
-30.548
-30.7664
-30.9594
-31.1323
-31.2752
-31.3905
-31.4762
-31.531
-31.5533
-31.5438
-31.5023
-31.4304
-31.3309
-31.2024
-31.0504
-30.8742
-30.6769
-30.4639
-30.2353
-29.998
-29.7547
-29.5088
-29.2666
-29.0292
-28.8017
-28.5868
-28.3856
-28.2
-28.0316
-27.8789
-27.7442
-27.6248
-27.5219
-27.434
-27.3603
-27.301
-27.2545
-27.2213
-27.201
-27.1932
-27.1989
-27.217
-27.2496
-27.2959
-27.3577
-27.4351
-27.5286
-27.6394
-27.7661
-27.9096
-28.0694
-28.2431
-28.4292
-28.6263
-28.8294
-29.0355
-29.2411
-29.4421
-29.6352
-29.8165
-29.983
-30.1326
-30.262
-30.37
-30.4549
-30.515
-30.5501
-30.5597
-30.5432
-30.5014
-30.4349
-30.344
-30.2311
-30.0971
-29.9442
-29.7752
-29.5921
-29.3983
-29.1974
-28.9918
-28.7853
-28.5819
-28.3836
-28.1944
-28.0163
-27.8508
-27.7
-27.5638
-27.4432
-27.3381
-27.2474
-27.1719
-27.1102
