0.0421993
0.0421798
0.0421136
0.041976
0.0417933
0.0416171
0.0414008
0.0411694
0.0409165
0.0406558
0.0403888
0.0401143
0.0398371
0.0395549
0.0392785
0.0390072
0.0387245
0.0384662
0.0382775
0.038177
0.0381225
0.0380939
0.0380704
0.0380594
0.038068
0.0380781
0.0380723
0.0380652
0.0381626
0.0382633
0.0383324
0.03843
0.0385076
0.0385901
0.0386644
0.0387393
0.0388164
0.0388947
0.0389566
0.0390168
0.0390733
0.0391005
0.039102
0.0390667
0.0391252
0.0391909
0.0392679
0.039348
0.0393583
0.0394084
0.0394713
0.0395041
0.0395334
0.039516
0.0395499
0.0395877
0.0396764
0.039722
0.0397749
0.039833
0.039935
0.0399933
0.0400336
0.0400881
0.0401524
0.0401964
0.0402288
0.0402964
0.0403437
0.0403925
0.0404553
0.040498
0.0405362
0.0405747
0.040613
0.0406234
0.0406246
0.0406614
0.0406983
0.0407333
0.0407116
0.0406995
0.0407282
0.0407362
0.0407324
0.0407078
0.040726
0.0407004
0.0406687
0.0406427
0.0405925
0.0405747
0.0405514
0.0404916
0.0404212
0.0403458
0.040287
0.040229
0.0401284
0.0400208
0.0398949
0.0397665
0.0396886
0.0395725
0.0394526
0.0393806
0.0393051
0.0392818
0.0391827
0.0391449
0.0390394
0.0389259
0.0389356
0.0390316
0.0390485
0.0390367
0.0389882
0.0390073
0.038998
0.03896
0.0389194
0.0388608
0.0388064
0.0387697
0.0387411
0.0387177
0.0386809
0.0386427
0.0386149
0.0385871
0.0385594
0.0385306
0.0385092
0.0384935
0.0384805
0.0384673
0.0384523
0.0384365
0.0384307
0.0384094
0.0384076
0.0384017
0.0383918
0.0383678
0.0383598
0.0383593
0.0383427
0.0383412
0.0383304
0.0383231
0.0383072
0.0383018
0.0382935
0.0382824
0.0382762
0.0382725
0.038273
0.0382609
0.0382366
0.0381863
0.0380871
0.0380065
0.0380051
0.0379951
0.0379391
0.0378861
0.0378757
0.0378296
0.0377961
0.0377615
0.0377735
0.0377942
0.0378083
0.0378107
0.0378084
0.0378147
0.0378043
0.0377924
0.037774
0.0377547
0.0377401
0.0377198
0.0377011
0.0376932
0.0376877
0.0376885
0.0376891
0.0376894
0.0376936
0.0376899
0.0376777
0.0376759
0.0376713
0.0376589
0.0376514
0.03765
0.0376449
0.037642
0.0376429
0.0376371
0.0376238
0.0376069
0.0375966
0.0375893
0.0375713
0.0375602
0.0375524
0.0375425
0.0375342
0.0375289
0.0375249
0.0375233
0.0375229
0.0375241
0.0375263
0.0375271
0.0375284
0.0375314
0.037533
0.0375343
0.0375339
0.037537
0.0375424
0.0375464
0.0375519
0.0375529
0.0375559
0.0375589
0.0375601
0.0375647
0.0375644
0.0375641
0.0375646
0.0375734
0.0375856
0.0375942
0.0376084
0.0376172
0.0376232
0.0376319
0.0376362
0.0376402
0.0376456
0.0376505
0.0376597
0.0376694
0.037677
0.0376882
0.0376973
0.0377067
0.0377097
0.0377232
0.0377298
0.0377391
0.0377481
0.0377541
0.0377563
0.037756
0.0377526
0.0377566
0.0377591
0.0377622
0.0377637
0.037768
0.037772
0.0377733
0.0377736
0.0377723
0.0377751
0.0377762
0.03777
0.0377679
0.0377653
0.0377578
0.0377596
0.0377527
0.037749
0.0377448
0.0377395
0.0377396
0.0377449
0.0377431
0.0377358
0.0377303
0.0377286
0.0377291
0.037732
0.037712
0.0376973
0.0377003
0.0377035
0.0376958
0.0377002
0.037696
0.0376722
0.0376706
0.0376537
0.0376677
0.037666
0.0376547
0.0376506
0.0376317
0.0376353
0.0376413
0.0376324
0.0376275
0.0376201
0.0376061
0.0375931
0.0375806
0.0375763
0.0375579
0.0375473
0.0375331
0.0375243
0.0375148
0.0375061
0.0374984
0.0374912
0.0374858
0.0374792
0.0374749
0.0374702
0.0374652
0.0374618
0.0374573
0.0374548
0.0374524
0.0374508
0.0374511
0.0374513
0.0374532
0.0374561
0.0374593
0.0374622
0.0374653
0.0374673
0.0374703
0.0374725
0.0374752
0.0374778
0.0374801
0.0374825
0.0374844
0.0374865
0.0374888
0.0374907
0.0374927
0.0374939
0.0374955
0.0374961
0.0374967
0.0374969
0.037497
0.0374974
0.0374972
0.0374969
0.0374967
0.0374961
0.0374954
0.0374949
0.0374937
0.0374926
0.0374916
0.0374905
0.0374893
0.0374877
0.0374857
0.0374837
0.0374808
0.0374779
0.0374748
0.0374709
0.0374669
0.0374628
0.0374581
0.0374535
0.037449
0.0374442
0.0374399
0.0374358
0.037432
0.0374291
0.0374268
0.037425
0.0374245
0.0374245
0.0374254
0.0374273
0.0374295
0.0374325
0.0374356
0.0374384
0.0374415
0.0374444
0.0374476
0.037451
0.037454
0.0374577
0.0374607
