898.118
898.541
899.94
903.343
907.738
912.12
916.819
921.99
927.512
933.292
939.188
945.193
951.281
957.353
963.472
969.622
975.672
980.838
984.256
987.332
987.984
989.335
990.429
989.944
990.998
991.052
991.904
991.085
991.169
990.746
989.988
989.466
988.818
987.994
987.348
986.71
985.857
985.006
984.312
983.584
982.848
982.028
981.243
980.499
979.787
979.441
978.608
977.893
977.411
976.79
975.922
975.109
974.485
974.254
973.784
973.359
972.964
972.66
972.298
971.894
971.256
970.725
970.24
969.631
968.929
968.208
967.535
966.839
966.225
965.627
964.941
964.319
963.844
963.531
963.164
962.93
962.798
962.592
962.477
962.359
961.985
961.447
961.369
961.585
961.22
960.844
960.7
960.96
960.749
960.525
961.153
961.705
962.525
963.013
963.184
963.673
964.58
965.353
966.458
967.839
969.932
971.769
973.36
974.875
976.258
977.746
979.134
979.984
981.282
982.27
983.705
986.041
986.982
987.306
987.962
988.211
988.313
988.285
988.113
987.887
987.691
987.532
987.477
987.559
987.744
987.864
988.051
988.241
988.237
988.278
988.24
988.208
988.096
987.94
987.838
987.732
987.548
987.577
987.589
987.563
987.51
987.436
987.448
987.445
987.539
987.647
987.741
987.859
987.944
988.103
988.3
988.679
988.97
989.242
989.474
989.654
989.854
990.073
990.359
991.017
991.515
992.126
992.85
993.836
994.818
995.399
995.473
995.53
995.513
995.291
995.19
995.096
995.032
994.979
994.994
995.053
995.104
995.109
995.158
995.272
995.387
995.662
995.728
995.503
995.528
995.659
995.806
995.669
995.649
995.653
995.875
995.971
996.067
996.013
995.946
996.173
996.206
996.437
996.47
996.589
996.746
996.659
996.967
997.25
997.009
997.038
997.349
997.247
997.039
997.259
997.081
997.086
997.362
997.314
996.912
996.856
997.008
996.726
996.985
996.991
996.934
996.943
997.029
996.947
996.793
996.655
996.579
996.464
996.354
996.429
996.473
996.449
996.466
996.46
996.347
996.218
996.142
996.118
996
995.942
995.896
995.983
995.91
995.729
995.629
995.619
995.666
995.652
995.556
995.486
995.415
995.438
995.579
995.544
995.508
995.497
995.677
995.846
995.87
995.92
996.038
996.233
996.245
996.374
996.643
996.697
996.714
996.828
996.85
997.037
997.131
997.264
997.328
997.32
997.469
997.61
997.872
997.999
997.974
998.052
998.096
998.019
997.952
997.869
997.918
997.893
997.816
997.768
997.631
997.532
997.49
997.431
997.423
997.248
997.199
997.158
997.055
997.073
997.02
997.051
997.095
997.113
997.12
997.17
997.34
997.454
997.226
997.345
997.513
997.705
997.763
997.973
997.969
998.088
998.359
998.506
998.638
998.668
998.542
998.676
998.813
998.955
998.83
998.727
998.968
999.048
998.681
998.826
998.95
998.789
998.389
998.554
998.701
998.464
998.342
998.332
998.353
998.273
998.23
998.083
997.86
997.868
997.913
997.897
997.924
997.992
997.989
997.949
997.884
997.862
997.775
997.698
997.705
997.691
997.877
997.905
997.838
997.785
997.747
997.777
997.827
997.805
997.911
997.997
997.891
997.935
998.065
998.254
998.239
998.24
998.328
998.542
998.711
998.841
998.863
998.946
999.12
999.272
999.395
999.423
999.374
999.421
999.559
999.679
999.525
999.362
999.259
999.383
999.493
999.31
999.119
998.997
999.064
999.014
998.898
998.726
998.64
998.614
998.62
998.616
