39780
39780
39780
39780
39780
39780
39780
39780
39780
39780
39780
39780
39780
39780
39780
39780
39780
39780
39780
39780
39780
39780
39780
39780
39780
39780
39780
39780
39780
39780
39780
39780
39780
39780
39780
39780
39780
39780
39779
39779
39779
39779
39778
39778
39777
39776
39773
39773
39772
39771
39770
39770
39770
39770
39770
39770
39770
39770
39770
39770
39770
39770
39770
39770
39770
39770
39770
39770
39770
39770
39770
39770
39770
39770
39770
39770
39770
39770
39770
39770
39770
39770
39770
39770
39770
39770
39770
39770
39770
39770
39770
39770
39770
39770
39770
39770
39770
39770
39770
39770
39770
39770
39770
39770
39770
39770
39770
39770
39770
39770
39770
39770
39770
39770
39770
39770
39770
39770
39770
39770
39770
39770
39770
39770
39770
39770
39770
39770
39770
39770
39770
39770
39770
39770
39770
39770
39770
39770
39770
39770
39770
39770
39770
39770
39770
39770
39770
39770
39770
39770
39770
39770
39770
39770
39770
39770
39770
39770
39770
39770
39770
39770
39770
39770
39770
39770
39770
39770
39770
39770
39770
39770
39770
39770
39770
39770
39770
39770
39770
39770
39770
39770
39770
39770
39770
39770
39770
39770
39770
39770
39770
39770
39770
39770
39770
39770
39770
39770
39770
39770
