943.448
943.448
943.448
1000.08
1002.31
1002.64
1004.64
1005.68
1005.64
1006.41
1005.43
1006.4
1006.51
1008.36
1010.12
1013.74
1007.48
1021.9
1006.32
1011.53
1004.86
1009.89
1004.96
1009.42
1014.19
1010.95
1002.2
1015.51
1010.09
1012.18
1011.4
1010.78
1008.54
1010.6
1008.65
1008.45
1006.24
1006.66
1005.73
1003.97
1005.05
1004.39
1004.67
1004.36
1004
1004.71
1006.29
1003.44
1004.08
1003.33
1002.97
1003.22
1003.35
1003
1002.86
1002.87
1002.95
1003.03
1003.18
1002.9
1002.9
1002.56
1002.85
1003.02
1003.34
1003.84
1002.48
1003.36
1003.21
1002.99
1002.82
1002.32
1001.9
1001.59
1001.72
1001.93
1001.54
1001.51
1001.43
1005.83
1010.05
1002.53
1000.92
1007.37
1007
1002.42
1003.33
1013.67
1003.07
1001.99
1009.55
1009.85
1002.91
1002.94
1006.48
1005.86
1009.31
1005.5
1005.92
1005.18
1007.2
1007.2
1005.93
1006
1006.21
1005.98
1006.05
1004.75
1006.12
1004.56
1004.29
1004.94
1004.97
1003.66
1003.74
1003.81
1005.33
1003.24
1003.98
1004.14
1004.23
1003.59
1004.03
1004.32
1004.65
1005.15
1004.99
1003.19
1003.92
1002.73
1003.14
1003.34
1003.79
1004.41
1004.68
1004.67
1004.64
1004.18
1002.86
1002.15
1003.67
1005.99
1005.19
1004.79
1004.54
1002.52
1001.63
1006.02
1007.02
1006.26
1005.8
1005.24
1002.99
1005.18
1006.09
1010.23
1005.49
1004.91
1005.99
1007.32
1007.35
1008.06
1006.95
1006.86
1006.84
1007.13
1005.19
1004.84
1005.66
1004.49
1005.19
1005.86
1006.88
1006.98
1006.6
1006.22
1005.76
1003.78
1002.39
1002.55
1005.25
1006.89
1007.93
1004.41
1002.27
1002.51
1004.02
1006.85
1004.76
1003.37
1001.3
1002.65
1003.2
1004.58
1006.02
1005.37
1003.63
1002.59
1001.7
1001.38
