0.00180443
0.218336
0.795752
1.66321
2.81789
4.22943
5.79715
7.51882
9.35829
11.2936
13.3188
15.4183
17.5762
19.7945
22.0458
24.3169
26.5486
28.8094
30.9973
33.269
35.3353
37.5722
39.6336
41.7603
43.614
45.3827
46.9693
47.2443
47.0147
46.8135
46.5583
46.129
45.514
44.7328
43.8147
42.7769
41.6272
40.3873
39.0403
37.662
36.2263
34.7553
33.4044
31.8797
30.2309
28.5775
26.886
25.1112
23.4706
21.6975
20.102
18.5298
17.0247
15.6237
14.3389
13.1267
11.9895
10.942
9.97561
9.09646
8.32088
7.62817
7.02222
6.51246
6.08203
5.75848
5.52958
5.39734
5.33072
5.38329
5.54474
5.79863
6.1453
6.58425
7.11489
7.74164
8.43943
9.20758
10.0503
10.9854
11.9655
12.9908
14.0488
15.1558
16.2492
17.3532
18.485
19.5395
20.5272
21.4049
22.2055
22.9496
23.6501
24.259
24.8251
25.3654
25.851
26.1218
26.2633
26.3839
26.3409
26.0161
25.8708
25.5382
25.0597
24.5136
23.5475
22.686
21.7623
20.667
19.4453
17.944
16.5252
15.248
13.7523
12.4095
11.2161
10.1771
9.2368
8.35922
7.54154
6.78248
6.0772
5.41548
4.80905
4.25081
3.72873
3.24363
2.80009
2.38982
2.03068
1.72869
1.47874
1.28143
1.13534
1.03842
0.991669
1.00078
1.06801
1.19091
1.37024
1.60317
1.88578
2.21655
2.59238
3.01035
3.46999
3.96648
4.49506
5.04721
5.61408
6.20043
6.79377
7.39212
7.98731
8.58054
9.15265
9.66629
10.1286
10.53
10.7751
10.8709
10.7615
10.7145
10.6438
10.5923
10.5112
10.3953
10.246
10.065
9.85455
9.61688
9.35531
9.06911
8.75763
8.41519
8.04652
7.64578
7.20497
6.7412
6.25961
5.76784
5.25627
4.74261
4.22422
3.71841
3.23409
2.7623
2.31859
1.90773
1.53399
1.20711
0.929985
0.702452
0.525537
0.401826
0.332534
0.320185
0.363376
0.46126
