0.0421989
0.0421739
0.0421
0.0419505
0.0417579
0.0415591
0.0413452
0.0411097
0.040859
0.0405969
0.040329
0.0400558
0.0397778
0.0395007
0.0392216
0.0389435
0.0386734
0.0384275
0.0382493
0.0381218
0.0380847
0.0380106
0.0379901
0.038014
0.0379787
0.0379507
0.0379684
0.0379597
0.0380078
0.038063
0.0381284
0.0381833
0.0382295
0.0382691
0.0383149
0.0383651
0.0384241
0.0384924
0.0385429
0.0385899
0.038637
0.0386943
0.0387558
0.0388195
0.0388503
0.0388621
0.0389099
0.0389663
0.0389869
0.0390311
0.0390799
0.0391427
0.0391679
0.0391919
0.0392588
0.039323
0.0393817
0.0394386
0.0394845
0.0395442
0.0396025
0.0396368
0.0396563
0.0397027
0.0397572
0.0398255
0.039885
0.0399453
0.0400159
0.0400879
0.0401452
0.0401946
0.0402512
0.0402991
0.0403443
0.040378
0.0403983
0.0404242
0.0404579
0.0404743
0.0404943
0.0405287
0.0405573
0.0405264
0.040529
0.0405391
0.0405185
0.0405085
0.0405245
0.040475
0.0404234
0.0403865
0.0403426
0.0403014
0.0402517
0.0402122
0.0401261
0.0400002
0.0398766
0.0397547
0.0396584
0.0395668
0.039441
0.0392916
0.0391225
0.0390157
0.0388858
0.0387809
0.0386745
0.0385683
0.0384502
0.0383032
0.0382218
0.0382063
0.0381488
0.0381238
0.0381037
0.0381073
0.0381158
0.038133
0.0381569
0.0381799
0.0382013
0.0382134
0.038214
0.0381929
0.0381633
0.0381412
0.0381258
0.0381137
0.038119
0.0381287
0.0381377
0.0381436
0.038151
0.0381604
0.0381699
0.0381816
0.0381914
0.0382026
0.0382125
0.0382215
0.0382285
0.0382315
0.0382413
0.0382516
0.0382608
0.0382626
0.0382639
0.0382668
0.03827
0.0382705
0.0382716
0.0382755
0.0382749
0.0382775
0.0382762
0.0382418
0.0382151
0.038174
0.0380803
0.0379754
0.0378673
0.0378098
0.0377664
0.0377559
0.0377462
0.0377388
0.0377282
0.0377199
0.037711
0.0377061
0.0377029
0.0376974
0.0376877
0.037679
0.0376758
0.0376774
0.0376753
0.0376755
0.0376763
0.0376759
0.0376762
0.0376834
0.0376975
0.0376994
0.0377016
0.0376967
0.0376941
0.0376954
0.037695
0.0376915
0.0376831
0.0376756
0.0376661
0.0376573
0.0376544
0.037649
0.0376447
0.0376428
