-91.9651
-91.7306
-91.1351
-90.1935
-88.9548
-87.4278
-85.6468
-83.6408
-81.4415
-79.0733
-76.5647
-73.9421
-71.2317
-68.4509
-65.6226
-62.7726
-59.9266
-57.1254
-54.4016
-51.6927
-49.1277
-46.6302
-44.2114
-41.9893
-39.84
-37.8566
-35.9965
-34.3785
-33.0511
-32.067
-31.4351
-31.1062
-31.0766
-31.3116
-31.7606
-32.3988
-33.2063
-34.1473
-35.1869
-36.3273
-37.5421
-38.82
-40.1365
-41.4979
-42.8769
-44.2628
-45.6489
-47.019
-48.3798
-49.7119
-51.0391
-52.3297
-53.5635
-54.7355
-55.8405
-56.884
-57.8642
-58.775
-59.6131
-60.3774
-61.0646
-61.6697
-62.1889
-62.6192
-62.9574
-63.2025
-63.3528
-63.4063
-63.3606
-63.2149
-62.9707
-62.6274
-62.1836
-61.6415
-61.005
-60.2754
-59.4575
-58.5542
-57.5682
-56.5108
-55.3965
-54.232
-53.0029
-51.7208
-50.4353
-49.1289
-47.7954
-46.4538
-45.1704
-43.9028
-42.6341
-41.4157
-40.2392
-39.1066
-38.0155
-36.9583
-35.9339
-34.9534
-34.0169
-33.1207
-32.2858
-31.5116
-30.9189
-30.4232
-30.0351
-29.7624
-29.6206
-29.5976
-29.6952
-29.8972
-30.1886
-30.5586
-30.9896
-31.4671
-32.0058
-32.6168
-33.2709
-33.9419
-34.6119
-35.2672
-35.8954
-36.4886
-37.0457
-37.5681
-38.0526
-38.5018
-38.9129
-39.2885
-39.6272
-39.929
-40.1937
-40.4181
-40.5996
-40.7363
-40.8235
-40.8592
-40.8485
-40.7801
-40.661
-40.4929
-40.2748
-40.0079
-39.6895
-39.3252
-38.9117
-38.4547
-37.9615
-37.4335
-36.8767
-36.2883
-35.6767
-35.0409
-34.3977
-33.7491
-33.1006
-32.4561
-31.8195
-31.1966
-30.5958
-30.0242
-29.4907
-28.9983
-28.5599
-28.1874
-27.8973
-27.6966
-27.5798
-27.5356
-27.5533
-27.6319
-27.7507
-27.9051
-28.09
-28.3031
-28.5392
-28.7961
-29.0729
-29.3764
-29.7082
-30.0634
-30.4402
-30.8312
-31.2455
-31.6831
-32.1165
-32.542
-32.9588
-33.3734
-33.767
-34.131
-34.4537
-34.7448
-34.9964
-35.2086
-35.3741
-35.4805
-35.5397
-35.5348
-35.4839
-35.3817
-35.228
-35.036
-34.7792
-34.4839
-34.1718
-33.8194
-33.427
-33.0327
-32.6322
-32.2014
-31.7852
-31.3706
-30.9462
-30.5484
-30.1815
-29.8168
-29.4633
-29.1531
-28.8395
-28.5601
-28.3101
-28.0805
-27.8705
-27.6936
-27.5477
-27.431
-27.3439
-27.2918
-27.2775
-27.3005
-27.3751
-27.5003
-27.6647
-27.8633
-28.0952
-28.356
-28.641
-28.9471
-29.2749
-29.6144
-29.9601
-30.303
-30.6473
-30.9878
-31.3126
-31.6156
-31.8959
-32.1561
-32.394
-32.6043
-32.7846
-32.9299
-33.0373
-33.1215
-33.1742
-33.1926
-33.1694
-33.1161
-33.0404
-32.9346
-32.7974
-32.6335
-32.4545
-32.2503
-32.0214
-31.7895
-31.5489
-31.2927
-31.0343
-30.7649
-30.4992
-30.2316
-29.971
-29.719
-29.4656
-29.221
-28.9833
-28.7626
-28.5634
-28.3756
-28.2026
-28.0467
-27.9061
-27.7828
-27.6696
-27.5781
-27.5061
-27.453
-27.4269
-27.4206
-27.4335
-27.472
-27.542
-27.6476
-27.7816
-27.9438
-28.1355
-28.3488
-28.583
-28.8303
-29.086
-29.3477
-29.6106
-29.8669
-30.1096
-30.3431
-30.5771
-30.783
-30.9601
-31.1093
-31.2363
-31.3328
-31.4072
-31.4463
-31.4478
-31.4222
-31.3671
-31.286
-31.1846
-31.0462
-30.8824
-30.6974
-30.5062
-30.2989
-30.0632
-29.8281
-29.6102
-29.368
-29.129
-28.9111
-28.7158
-28.5072
-28.3124
-28.1506
-28.0005
-27.8618
-27.7371
-27.634
-27.5453
-27.4744
-27.4216
-27.3738
-27.3378
-27.3166
-27.3064
-27.307
-27.324
-27.3544
-27.3981
-27.4528
-27.5233
-27.6083
-27.704
-27.8146
-27.9315
-28.069
-28.2232
-28.3894
-28.5634
-28.743
-28.9234
-29.108
-29.2852
-29.4602
-29.6326
-29.7888
-29.925
-30.0428
-30.1511
-30.2397
-30.3039
-30.3402
-30.3535
-30.3471
-30.3222
-30.2742
-30.1981
-30.1006
-29.9855
-29.8578
-29.717
-29.5585
-29.3832
-29.2021
-29.0269
-28.851
-28.6717
-28.4859
-28.3073
-28.1489
-28.0008
-27.8611
-27.7241
-27.605
-27.5018
-27.4142
-27.335
-27.2668
-27.2096
-27.1642
